%YAML:1.0
---
camera_matrix: !!opencv-matrix
   rows: 3
   cols: 3
   dt: d
   data: [ 1.5062945486883555e+03, 0., 9.6257640450510723e+02, 0.,
       1.5102349041832153e+03, 5.7601356615897225e+02, 0., 0., 1. ]
dist_coeff: !!opencv-matrix
   rows: 1
   cols: 5
   dt: d
   data: [ 1.2129947734279500e-01, -7.5587716408372974e-01,
       1.5168722714048765e-03, 1.2795003258724940e-03,
       6.1757358646429550e-01 ]
